D
b 1 e 1 1.1 1.9 2 200 100 30 -512 512 1
D
r 1 e 1 1.1 1.9 2 200 100 30 -512 512 1
D
t 1 e 1 1.1 1.9 2 200 100 30 -512 512 1
D
b 2 e 1 1.1 1.9 2 200 100 30 -512 512 1
D
r 2 e 1 1.1 1.9 2 200 100 30 -512 512 1
D
b 1 b 1 1.1 1.9 2 200 100 30 -512 512 1
D
r 1 b 1 1.1 1.9 2 200 100 30 -512 512 1
D
t 1 b 1 1.1 1.9 2 200 100 30 -512 512 1
D
b 2 b 1 1.1 1.9 2 200 100 30 -512 512 1
D
r 2 b 1 1.1 1.9 2 200 100 30 -512 512 1
D
b 1 e 0.4 0.4 0.8 1 200 100 30 -100 100 2
D
r 1 e 0.4 0.4 0.8 1 200 100 30 -100 100 2
D
t 1 e 0.4 0.4 0.8 1 200 100 30 -100 100 2
D
b 2 e 0.4 0.4 0.8 1 200 100 30 -100 100 2
D
r 2 e 0.4 0.4 0.8 1 200 100 30 -100 100 2
D
b 1 b 0.4 0.4 0.8 1 200 100 30 -100 100 2
D
r 1 b 0.4 0.4 0.8 1 200 100 30 -100 100 2
D
t 1 b 0.4 0.4 0.8 1 200 100 30 -100 100 2
D
b 2 b 0.4 0.4 0.8 1 200 100 30 -100 100 2
D
r 2 b 0.4 0.4 0.8 1 200 100 30 -100 100 2
D
b 1 e 0.3 0.3 0.8 1 200 100 30 -100 100 3
D
r 1 e 0.3 0.3 0.8 1 200 100 30 -100 100 3
D
t 1 e 0.3 0.3 0.8 1 200 100 30 -100 100 3
D
b 2 e 0.3 0.3 0.8 1 200 100 30 -100 100 3
D
r 2 e 0.3 0.3 0.8 1 200 100 30 -100 100 3
D
b 1 b 0.3 0.3 0.8 1 200 100 30 -100 100 3
D
r 1 b 0.3 0.3 0.8 1 200 100 30 -100 100 3
D
t 1 b 0.3 0.3 0.8 1 200 100 30 -100 100 3
D
b 2 b 0.3 0.3 0.8 1 200 100 30 -100 100 3
D
r 2 b 0.3 0.3 0.8 1 200 100 30 -100 100 3
D
b 1 e 1 0.5 0.9 1 200 100 30 -30 30 4
D
r 1 e 1 0.5 0.9 1 200 100 30 -30 30 4
D
t 1 e 1 0.5 0.9 1 200 100 30 -30 30 4
D
b 2 e 1 0.5 0.9 1 200 100 30 -30 30 4
D
r 2 e 1 0.5 0.9 1 200 100 30 -30 30 4
D
b 1 b 1 0.5 0.9 1 200 100 30 -30 30 4
D
r 1 b 1 0.5 0.9 1 200 100 30 -30 30 4
D
t 1 b 1 0.5 0.9 1 200 100 30 -30 30 4
D
b 2 b 1 0.5 0.9 1 200 100 30 -30 30 4
D
r 2 b 1 0.5 0.9 1 200 100 30 -30 30 4
D
b 1 e 1.2 1.1 0.9 1 200 100 30 -500 500 5
D
r 1 e 1.2 1.1 0.9 1 200 100 30 -500 500 5
D
t 1 e 1.2 1.1 0.9 1 200 100 30 -500 500 5
D
b 2 e 1.2 1.1 0.9 1 200 100 30 -500 500 5
D
r 2 e 1.2 1.1 0.9 1 200 100 30 -500 500 5
D
b 1 b 1.2 1.1 0.9 1 200 100 30 -500 500 5
D
r 1 b 1.2 1.1 0.9 1 200 100 30 -500 500 5
D
t 1 b 1.2 1.1 0.9 1 200 100 30 -500 500 5
D
b 2 b 1.2 1.1 0.9 1 200 100 30 -500 500 5
D
r 2 b 1.2 1.1 0.9 1 200 100 30 -500 500 5
D
b 1 e 1 0.1 0.8 1 200 100 30 -30 30 6
D
r 1 e 1 0.1 0.8 1 200 100 30 -30 30 6
D
t 1 e 1 0.1 0.8 1 200 100 30 -30 30 6
D
b 2 e 1 0.1 0.8 1 200 100 30 -30 30 6
D
r 2 e 1 0.1 0.8 1 200 100 30 -30 30 6
D
b 1 b 1 0.1 0.8 1 200 100 30 -30 30 6
D
r 1 b 1 0.1 0.8 1 200 100 30 -30 30 6
D
t 1 b 1 0.1 0.8 1 200 100 30 -30 30 6
D
b 2 b 1 0.1 0.8 1 200 100 30 -30 30 6
D
r 2 b 1 0.1 0.8 1 200 100 30 -30 30 6
D
b 1 e 1 1.1 0.9 1 200 100 30 -30 30 7
D
r 1 e 1 1.1 0.9 1 200 100 30 -30 30 7
D
t 1 e 1 1.1 0.9 1 200 100 30 -30 30 7
D
b 2 e 1 1.1 0.9 1 200 100 30 -30 30 7
D
r 2 e 1 1.1 0.9 1 200 100 30 -30 30 7
D
b 1 b 1 1.1 0.9 1 200 100 30 -30 30 7
D
r 1 b 1 1.1 0.9 1 200 100 30 -30 30 7
D
t 1 b 1 1.1 0.9 1 200 100 30 -30 30 7
D
b 2 b 1 1.1 0.9 1 200 100 30 -30 30 7
D
r 2 b 1 1.1 0.9 1 200 100 30 -30 30 7
D
b 1 e 0.3 0.2 0.8 1 200 100 30 -32 32 8
D
r 1 e 0.3 0.2 0.8 1 200 100 30 -32 32 8
D
t 1 e 0.3 0.2 0.8 1 200 100 30 -32 32 8
D
b 2 e 0.3 0.2 0.8 1 200 100 30 -32 32 8
D
r 2 e 0.3 0.2 0.8 1 200 100 30 -32 32 8
D
b 1 b 0.3 0.2 0.8 1 200 100 30 -32 32 8
D
r 1 b 0.3 0.2 0.8 1 200 100 30 -32 32 8
D
t 1 b 0.3 0.2 0.8 1 200 100 30 -32 32 8
D
b 2 b 0.3 0.2 0.8 1 200 100 30 -32 32 8
D
r 2 b 0.3 0.2 0.8 1 200 100 30 -32 32 8
D
b 1 e 1 2.1 1.9 1 200 100 30 -32 32 9
D
r 1 e 1 2.1 1.9 1 200 100 30 -32 32 9
D
t 1 e 1 2.1 1.9 1 200 100 30 -32 32 9
D
b 2 e 1 2.1 1.9 1 200 100 30 -32 32 9
D
r 2 e 1 2.1 1.9 1 200 100 30 -32 32 9
D
b 1 b 1 2.1 1.9 1 200 100 30 -32 32 9
D
r 1 b 1 2.1 1.9 1 200 100 30 -32 32 9
D
t 1 b 1 2.1 1.9 1 200 100 30 -32 32 9
D
b 2 b 1 2.1 1.9 1 200 100 30 -32 32 9
D
r 2 b 1 2.1 1.9 1 200 100 30 -32 32 9
D
b 1 e 1 1.1 0.9 1 200 100 30 -500 500 10
D
r 1 e 1 1.1 0.9 1 200 100 30 -500 500 10
D
t 1 e 1 1.1 0.9 1 200 100 30 -500 500 10
D
b 2 e 1 1.1 0.9 1 200 100 30 -500 500 10
D
r 2 e 1 1.1 0.9 1 200 100 30 -500 500 10
D
b 1 b 1 1.1 0.9 1 200 100 30 -500 500 10
D
r 1 b 1 1.1 0.9 1 200 100 30 -500 500 10
D
t 1 b 1 1.1 0.9 1 200 100 30 -500 500 10
D
b 2 b 1 1.1 0.9 1 200 100 30 -500 500 10
D
r 2 b 1 1.1 0.9 1 200 100 30 -500 500 10
D
b 1 e 1 1.1 0.9 1 200 100 30 -500 500 11
D
r 1 e 1 1.1 0.9 1 200 100 30 -500 500 11
D
t 1 e 1 1.1 0.9 1 200 100 30 -500 500 11
D
b 2 e 1 1.1 0.9 1 200 100 30 -500 500 11
D
r 2 e 1 1.1 0.9 1 200 100 30 -500 500 11
D
b 1 b 1 1.1 0.9 1 200 100 30 -500 500 11
D
r 1 b 1 1.1 0.9 1 200 100 30 -500 500 11
D
t 1 b 1 1.1 0.9 1 200 100 30 -500 500 11
D
b 2 b 1 1.1 0.9 1 200 100 30 -500 500 11
D
r 2 b 1 1.1 0.9 1 200 100 30 -500 500 11
D
b 1 e 1 1.1 0.9 1 200 100 30 -100 100 12
D
r 1 e 1 1.1 0.9 1 200 100 30 -100 100 12
D
t 1 e 1 1.1 0.9 1 200 100 30 -100 100 12
D
b 2 e 1 1.1 0.9 1 200 100 30 -100 100 12
D
r 2 e 1 1.1 0.9 1 200 100 30 -100 100 12
D
b 1 b 1 1.1 0.9 1 200 100 30 -100 100 12
D
r 1 b 1 1.1 0.9 1 200 100 30 -100 100 12
D
t 1 b 1 1.1 0.9 1 200 100 30 -100 100 12
D
b 2 b 1 1.1 0.9 1 200 100 30 -100 100 12
D
r 2 b 1 1.1 0.9 1 200 100 30 -100 100 12
D
b 1 e 1.4 0.3 0.5 1 200 100 30 -30 30 14
D
r 1 e 1.4 0.3 0.5 1 200 100 30 -30 30 14
D
t 1 e 1.4 0.3 0.5 1 200 100 30 -30 30 14
D
b 2 e 1.4 0.3 0.5 1 200 100 30 -30 30 14
D
r 2 e 1.4 0.3 0.5 1 200 100 30 -30 30 14
D
b 1 b 1.4 0.3 0.5 1 200 100 30 -30 30 14
D
r 1 b 1.4 0.3 0.5 1 200 100 30 -30 30 14
D
t 1 b 1.4 0.3 0.5 1 200 100 30 -30 30 14
D
b 2 b 1.4 0.3 0.5 1 200 100 30 -30 30 14
D
r 2 b 1.4 0.3 0.5 1 200 100 30 -30 30 14
D
b 1 e 0.4 0.4 0.95 1 200 100 30 -100 100 15
D
r 1 e 0.4 0.4 0.95 1 200 100 30 -100 100 15
D
t 1 e 0.4 0.4 0.95 1 200 100 30 -100 100 15
D
b 2 e 0.4 0.4 0.95 1 200 100 30 -100 100 15
D
r 2 e 0.4 0.4 0.95 1 200 100 30 -100 100 15
D
b 1 b 0.4 0.4 0.95 1 200 100 30 -100 100 15
D
r 1 b 0.4 0.4 0.95 1 200 100 30 -100 100 15
D
t 1 b 0.4 0.4 0.95 1 200 100 30 -100 100 15
D
b 2 b 0.4 0.4 0.95 1 200 100 30 -100 100 15
D
r 2 b 0.4 0.4 0.95 1 200 100 30 -100 100 15
D
b 1 e 1.0 1.1 0.9 1 200 100 30 -10 100 16
D
r 1 e 1.0 1.1 0.9 1 200 100 30 -10 100 16
D
t 1 e 1.0 1.1 0.9 1 200 100 30 -10 100 16
D
b 2 e 1.0 1.1 0.9 1 200 100 30 -10 100 16
D
r 2 e 1.0 1.1 0.9 1 200 100 30 -10 100 16
D
b 1 b 1.0 1.1 0.9 1 200 100 30 -10 100 16
D
r 1 b 1.0 1.1 0.9 1 200 100 30 -10 100 16
D
t 1 b 1.0 1.1 0.9 1 200 100 30 -10 100 16
D
b 2 b 1.0 1.1 0.9 1 200 100 30 -10 100 16
D
r 2 b 1.0 1.1 0.9 1 200 100 30 -10 100 16
D
b 1 e 1.5 1.1 0.95 1 200 100 30 -100 100 17
D
r 1 e 1.5 1.1 0.95 1 200 100 30 -100 100 17
D
t 1 e 1.5 1.1 0.95 1 200 100 30 -100 100 17
D
b 2 e 1.5 1.1 0.95 1 200 100 30 -100 100 17
D
r 2 e 1.5 1.1 0.95 1 200 100 30 -100 100 17
D
b 1 b 1.5 1.1 0.95 1 200 100 30 -100 100 17
D
r 1 b 1.5 1.1 0.95 1 200 100 30 -100 100 17
D
t 1 b 1.5 1.1 0.95 1 200 100 30 -100 100 17
D
b 2 b 1.5 1.1 0.95 1 200 100 30 -100 100 17
D
r 2 b 1.5 1.1 0.95 1 200 100 30 -100 100 17
D
b 1 e 0.5 0.1 0.95 1 200 100 30 -100 100 18
D
r 1 e 0.5 0.1 0.95 1 200 100 30 -100 100 18
D
t 1 e 0.5 0.1 0.95 1 200 100 30 -100 100 18
D
b 2 e 0.5 0.1 0.95 1 200 100 30 -100 100 18
D
r 2 e 0.5 0.1 0.95 1 200 100 30 -100 100 18
D
b 1 b 0.5 0.1 0.95 1 200 100 30 -100 100 18
D
r 1 b 0.5 0.1 0.95 1 200 100 30 -100 100 18
D
t 1 b 0.5 0.1 0.95 1 200 100 30 -100 100 18
D
b 2 b 0.5 0.1 0.95 1 200 100 30 -100 100 18
D
r 2 b 0.5 0.1 0.95 1 200 100 30 -100 100 18
G
r 0.2 0.9 1 5 0.1 0.005 200 100 30 -512 512 1
G
t 0.2 0.9 1 5 0.1 0.005 200 100 30 -512 512 1
G
k 0.2 0.9 1 5 0.1 0.005 200 100 30 -512 512 1
G
r 0.2 0.9 1 5 0.1 0.005 200 100 30 -100 100 2
G
t 0.2 0.9 1 5 0.1 0.005 200 100 30 -100 100 2
G
k 0.2 0.9 1 5 0.1 0.005 200 100 30 -100 100 2
G
r 0.2 0.9 1 5 0.1 0.005 200 100 30 -100 100 3
G
t 0.2 0.9 1 5 0.1 0.005 200 100 30 -100 100 3
G
k 0.2 0.9 1 5 0.1 0.005 200 100 30 -100 100 3
G
r 0.2 0.9 1 5 0.1 0.005 200 100 30 -30 30 4
G
t 0.2 0.9 1 5 0.1 0.005 200 100 30 -30 30 4
G
k 0.2 0.9 1 5 0.1 0.005 200 100 30 -30 30 4
G
r 0.2 0.9 1 5 0.1 0.005 200 100 30 -500 500 5
G
t 0.2 0.9 1 5 0.1 0.005 200 100 30 -500 500 5
G
k 0.2 0.9 1 5 0.1 0.005 200 100 30 -500 500 5
G
r 0.2 0.9 1 5 0.1 0.005 200 100 30 -30 30 6
G
t 0.2 0.9 1 5 0.1 0.005 200 100 30 -30 30 6
G
k 0.2 0.9 1 5 0.1 0.005 200 100 30 -30 30 6
G
r 0.2 0.9 1 5 0.1 0.005 200 100 30 -30 30 7
G
t 0.2 0.9 1 5 0.1 0.005 200 100 30 -30 30 7
G
k 0.2 0.9 1 5 0.1 0.005 200 100 30 -30 30 7
G
r 0.2 0.9 1 5 0.1 0.005 200 100 30 -32 32 8
G
t 0.2 0.9 1 5 0.1 0.005 200 100 30 -32 32 8
G
k 0.2 0.9 1 5 0.1 0.005 200 100 30 -32 32 8
G
r 0.2 0.9 1 5 0.1 0.005 200 100 30 -32 32 9
G
t 0.2 0.9 1 5 0.1 0.005 200 100 30 -32 32 9
G
k 0.2 0.9 1 5 0.1 0.005 200 100 30 -32 32 9
G
r 0.2 0.9 1 5 0.1 0.005 200 100 30 -500 500 10
G
t 0.2 0.9 1 5 0.1 0.005 200 100 30 -500 500 10
G
k 0.2 0.9 1 5 0.1 0.005 200 100 30 -500 500 10
G
r 0.2 0.9 1 5 0.1 0.005 200 100 30 -500 500 11
G
t 0.2 0.9 1 5 0.1 0.005 200 100 30 -500 500 11
G
k 0.2 0.9 1 5 0.1 0.005 200 100 30 -500 500 11
G
r 0.2 0.9 1 5 0.1 0.005 200 100 30 -100 100 12
G
t 0.2 0.9 1 5 0.1 0.005 200 100 30 -100 100 12
G
k 0.2 0.9 1 5 0.1 0.005 200 100 30 -100 100 12
G
r 0.2 0.9 1 5 0.1 0.005 200 100 30 -30 30 14
G
t 0.2 0.9 1 5 0.1 0.005 200 100 30 -30 30 14
G
k 0.2 0.9 1 5 0.1 0.005 200 100 30 -30 30 14
G
r 0.2 0.9 1 5 0.1 0.005 200 100 30 -100 100 15
G
t 0.2 0.9 1 5 0.1 0.005 200 100 30 -100 100 15
G
k 0.2 0.9 1 5 0.1 0.005 200 100 30 -100 100 15
G
r 0.2 0.9 1 5 0.1 0.005 200 100 30 -10 100 16
G
t 0.2 0.9 1 5 0.1 0.005 200 100 30 -10 100 16
G
k 0.2 0.9 1 5 0.1 0.005 200 100 30 -10 100 16
G
r 0.2 0.9 1 5 0.1 0.005 200 100 30 -100 100 17
G
t 0.2 0.9 1 5 0.1 0.005 200 100 30 -100 100 17
G
k 0.2 0.9 1 5 0.1 0.005 200 100 30 -100 100 17
G
r 0.2 0.9 1 5 0.1 0.005 200 100 30 -100 100 18
G
t 0.2 0.9 1 5 0.1 0.005 200 100 30 -100 100 18
G
k 0.2 0.9 1 5 0.1 0.005 200 100 30 -100 100 18
0